# This file may be used to create an environment using:
# $ conda create --name <env> --file <this file>
# platform: win-64
ca-certificates=2024.7.2=haa95532_0
click=8.1.7=pypi_0
colorama=0.4.6=pypi_0
keyboard=0.13.5=pypi_0
numpy=2.0.0=pypi_0
opencv-python=4.10.0.84=pypi_0
openssl=3.0.14=h827c3e9_0
packaging=24.1=py39haa95532_0
pip=24.0=py39haa95532_0
ply=3.11=py39haa95532_0
pyqt5=5.15.9=pypi_0
pyqt5-plugins=5.15.9.2.3=pypi_0
pyqt5-qt5=5.15.2=pypi_0
pyqt5-sip=12.13.0=pypi_0
pyqt5-tools=5.15.9.3.3=pypi_0
python=3.9.19=h1aa4202_1
python-dotenv=1.0.1=pypi_0
python-vlc=3.0.20123=pypi_0
qt5-applications=5.15.2.2.3=pypi_0
qt5-tools=5.15.2.1.3=pypi_0
setuptools=69.5.1=py39haa95532_0
sip=6.7.12=py39hd77b12b_0
sqlite=3.45.3=h2bbff1b_0
toml=0.10.2=pyhd3eb1b0_0
tomli=2.0.1=py39haa95532_0
tzdata=2024a=h04d1e81_0
vc=14.2=h2eaa2aa_4
vs2015_runtime=14.29.30133=h43f2093_4
wheel=0.43.0=py39haa95532_0